18111.

’88 8181688 818188, 11, 641.
1111, 808.

18881811 8861188 1188888, 111, 688.
1188118 881888, IX, 684. 848.
1888688, 86108888118, 88881888·
mh& 186. 1111, 48108.
notho} 8. 818688, m, 88 v,
ὴῗῖιῗιῆῖ 611181888, 86 8188111-
tudinem 88888818 88888188 1 88
quoquo oblivionem 888888, ,
1οὲ 18 8818888 88888υ, 111,

886

188, vn, 488· 8188 881888 88·
88 8118, 88888 8188418188, 11,
808. numquam 6888 8888888
88188, 11, 881. 8888 88888881
8888111811 Cato, Π, 8011811688·
181888 multam 1886818888 81-
tim· 888888, ml, 468. 11688·
188 8888 88118818 8 Sylla 81
1188188881 8 88188 8188 811888
84 (1888888,·, 11, me. 11688188
1811111881 11181

8 ‚ Ι

888188888, 1111, 481. 18888811
Π, 668.4

mbo (8881688188), 11, 488

188888 888888 1. 8. 8118111888, t 61688, 8188. 8881. 11, ω, vm,
332³}ss ’81ῗὲἷὲ 'tw ιῖ, unffi? 8188118133 1v, 88,
’ tem 818811111ἣῖῙοιῖΓέ ubffiaffimu, 111, 881.

88 88 tem, 11, 166.

181688, 1. 8. 818188, 181811,

18888, 888. 8881188, 1, 818. 184. 111, 10. 818
, 1888888, 8884 Actium, 1, 48. 1, mmm 888888, 1111, m m.

418111, 8181111, 88. Χ, 66.
18881, 88 . 1181888888, 1, 484.
&gaham 81 8881818 18188,

6881881888, 11,, 180. 1816 888
11111 ’11118111 11
688

mm· 88 nona, 8. 8. mm· 8881888, pom, 88, m.

81888 8888, ut 811116888

18 688 utiff Συ 88 88188811,
881833 16811 811 :nt 8818 8888- mffl‘, 1v‚' 888.

8888118888, 8881888 0881188 18- nmo· 8118118 888888, 8188188888,
888118, 188811888888 8888 88- ξῖἆῗᾶοιᾶἐήω m m.

811, qul, 8888888818 8818 logum

8888116888, 81 8118 1

nm 18888 8118818 ·- 101·

1111181111

881888 1188 111

188· 111188 nediu 8818888 88188

88888 nu 188,11, 8681188188

8888 18818888 88888, 18 8. 11- 18888888, f, 601.
6888 86 88881 8118818888, hingone· 888.,1, 808.

111, 8181168888188, 1111,
841. 11688 888818, 88 88818,
g 888118 8881 868188818, 11,

118888, 8888818 88888 produ-

8188, 11, 8141188888118

gx, 88188181888818811888Λῖ

61688188 81188 Tigrim 18688888· 118888 888188 8884 488881188,

88 88888811, (1888888888 Sey·

11, 15⁹.

18888888 bonum, 111, 488. 1181888 88888888, Χ, 118.

881188 888818, 11, 618. 11818,
1¹, 808. orbem 8111 88818888,

11 88681818888, ἰ. 8. 88181188·

81881888, 11, 488

1, 86. 8188888688, 111, 148. mvi· 8., 11, 414.

11688188 116881818 881118
8818 uniente,

118 18818 datur 8888811888 11888-
141. 88 1181888,1111,888.

88888188 8888188111, 880111· 11188888, 118181 8 8., ,1, 110.

688188 81088888, 888,

vu, lituo, 8, 888 d 888. vu, 888.

ouo. 86 em 88888888 88888- 11181, mamma&

 

