1

luunt.

mutus, u, 3.

Sam 11. 1111111, 11, 407.
Suum 111,, I, 251.

1111 1111111, lx, 723. 773.

401

1111611111111, I 5511111-
11111, Ianua, I, 411 hibernum,
V, 108.11111111111,Χ, 35. 11·
1111111,1,90.

11111111111111111111111. 1111111 111 1161111, 111, 791. ,1.
unffi, 111111 111 0111111 1111111,

306

gani: 11111111 1111111, III

Sopffi’nim 1111111111, Aegyptio· 811111 111111, 111, 1111.

111111 11111111, 1111, 597.

11111111 111..

11111, 11111111, 111, 8⁰8. 11111·

1111, 111, 533.

11111111, 11111111, 111, 29. 11, 513.

11, 1111111111 cffimrgi, 11, Siler fl., 11, 426.

'742 111111 (111111, 1. 1111111 Silvani,

111403.

111111111111,11, 3811111111, Simoin 11, 11, 962. ..
11111111 11111111, 111, 782. 6111111111 111 11111 11111111 1

1114113111, 1, .11,56.363.111,
1111111111111.
1111111491. 1111911111.
1111111111 1111111111, 11, 629.
11111111 11111 11 111111 gene-
11, 1¹, 700.111 1111111111-
13311, 11111. 11611 vm,
QX, 111.
111’ῗ“1ἶ“’1“1’ἔ.“111“,’111
{aa 11111116 11111111 0111111,
wfife'wffi 11. 11, 111.
0111111 1111111111, vl, 42st 570.
⁸³³: 1τίῗῷ 11, 111 111] 111
’1111111111 1111711111 1ιῖ1-
&¹1¹6 17ξ4111111111111, II,

111111, I 111ῆῖ, 1111. 304 v

’111111ῗί11 1111 ’ ’ ’

1111 1111 11161

8111111, 11, 436. 111, 60. 11, 814.

1111111471, 11111. 11, 11. 111.
136. 11, 141. ι

81111111 1 11, Aetna, 1, 100. 111-
1111111, 146. 11111111, 111, 62.

8111111 111, 111, 217.

sidonium 1111111, 11, 141. .

1111111, 111 1111111111, 1, 52611·

11111 11111111. 111 111111,
111 11111111, 1, 194. 111, 390.
1192601111, 469. 474. 495.
IX, 52. 748. 11111111 111 111--
11111111, 1, 221. 11111111 111-
11111111, 1, 153. 1111111111 111
protraximus, 1. 276.11111111111
111 adducentem, 1, 477. 1111
111111 1111111111
ί1111 1111111, 1, 61111. 11117.
1111111111111 Q:
tulit 111 attulit, 111, 552. 111·
11111111 111 abstulerunt, 111,
546. 1111111111111111, 111,
654. 1111111 111 1111111111,
111, 677. 1111111 111 1111111111,
11, 173. 279. 11111, 111 11111-
6111,11,484.111111111111 ·
1111111, 1, 1111. 111111 1111

11111, 1, 227. tonet 11 1111·
1111, V, 360. 11, 202. 11111-
11 111111111111, 11, 299. 11111111-
ἱὲἲὶ.1’ῗ..ἕ“ἔ.11ἕῖ.11’11’ 111
1111111 111 11111111, 11446561.
1111111111 11111111, 11, 539.
1111111111 111 11111111111111,
11, 6351111111111 11111111-
11, 11, 767. 1111111111 1111111·
11, 11, 830. 1111111 111 1111-
1111, 111, 58. 11111111111·
11111, III, 9311111111111
1111111111, 111, 2011111111
111 1111111111, 111. 628. 11111111
111 111111111111,111, 668111·
11111111 1111111111, 111, 870.
1111111111 conturbat, vn, 4.

 

