³84 11111. ’

111111,ρ1111111,11, 00011011 111101011,1111111111, 1, 000
111111,111111111,1,000.11οο1 11, 100. 400. 441. VIII, 000.
1111111111, 1. 411. 11111111, 1, 04011, 001111111011, III,

’ 000.81111,1.11111111,11,000. 040. 11, 000. 000.1111111,111,
111, 4. laborum 1111111111- 000.11,400.11111,1111,001.
tom 11111, 111, 000. 1. q. 11111, Π, 040. 111111, 111, 00.
outo, 400110111111111111, 11111,Ι1,0.111111,111,1010.
1Π, 010. 111111, lx, 000. 111111, 11111,

11011111, 1111111111111, lx, 111111111111111111, 11, 140.
000. II, 140. 1111111 voluero, 1111111111·

11111111 1111111, promontorium 1111111111, 100. Lucium 111·
1111111111111 1111111111, inquo 11, 11111111 11111111111111,
111111111110111111, 11, 404. 1, 410.

Ι 11111111 111111ρὶ111 od 1111111111 11111 111111, 11111, 111, 000.

11111110011111111,1, 000. lotorum 11111111, IX, 111.
11111 11111111111, VIII, 00111- 1111111111 op ,111, 001.

1111111111, 01111, 111, 410. botontum, ,000
1111101111, 111, 40. 11111111 Thessalico, 11111111,
111 oo, 11111111111111, 1111, 11, 400.

11111111 mortno, 41 11111111 11111, 1. 1. 1111111111, 11, 11. 111,

111η111111111ὲ11111111111111ξ Ιέἔῇῒιῃῶἕίζο, ῙΠ, 11. 11,

01111ῃ101,1ι1111111,1,004. 110. 1, 401. 000. 11, 10. 11·

mentun, 11, 00411 11, X, 1111 1111111, 1. 1. 11111111,

001. regio, V, 00111, 440. 111, 040.

00011, 4. proles, X, 000. 1111111111 Homo 1111, lm.
1111111111, 11111111, I, 0001, 11111111,110111,11,000.

000 logio, quom (11111111 (111111

11111 11111111, II, 001. 1111111111, 1111111111 1111111,
luceo, imponendi· 11111, VI, 110. 11, 410.
Lapithae, VI, 000. logum 1111111, leffium 1111, 1.

11111111111111, 11,000.111111· 1. 111111 reipub 111 11011,
nio, X, 010. 111, 440. 11, 001. IX, 001001.
11111111 11111, II, 110. Leleges, 111111. pop, VI, ffl-
111111,1,000.001.111,000.1, 1111111111 1111111000.
000. 1111111111 Spinther Aooulon 111-
Ioffo 1111111111, 11100011111, 11111, II, 400.

,000. 1111111111, 111111 coniurationis
11111111, 11, 000. 111, 110. 011111111111, 11, 040.
11111110111111111111, 111, 000. 1111111111, conoul Initio 11111111·
1111 mihi, 1, 410. 11111, V, 10111111 1111111111-
11111, 11, 000. 11111111 11111111111111111,
1111111111111.1.11111111111· 011. 1111 oratio (1111111111

matti& 1111141111 1111, Poffioffloagtffimllh
θ o
11111111 111111, 11111111111111 11111 11111111,’11,110.

1 01111111οι11 11111111οω111 1111, tignum 11111111, 1, 000.
ῧ111110111ι111111,1,000.1,401. ,111, 001. X, 010. 004. 000. 11,
1111111111 nomon, I. 1. 11111111 1111111110, 111111111111, 11,
111111, propriae 1111101111- 000. 11111111111111, 11, 401.
norom, pro populo 1111111111 , 11111110111111111,1,010.
1111111, 001. hegilo· 111111, 11111111 1111

¹ 11111111, in 1111 11111111111111- 1111111111111111, 1011111

 

